kinematics:
  shoulder:
    x: 0
    y: 0
    z: 0.16262309884007128
    roll: -0
    pitch: 0
    yaw: 7.6020806261123397e-08
  upper_arm:
    x: 0.00019573685966596681
    y: 0
    z: 0
    roll: 1.5711048779619703
    pitch: 0
    yaw: -9.3063185544358006e-08
  forearm:
    x: -0.42520697109386063
    y: 0
    z: 0
    roll: 0.0011262155715018134
    pitch: -0.0001949422235684632
    yaw: -1.8464979510732375e-06
  wrist_1:
    x: -0.39229242845630052
    y: -0.0010127093757536642
    z: 0.13380298931636717
    roll: 0.0075685158009955334
    pitch: 0.00029978205210188857
    yaw: -3.5637114077881382e-06
  wrist_2:
    x: 1.5934926957310969e-06
    y: -0.099666563005748665
    z: 9.5384294638339721e-05
    roll: 1.5698392930351233
    pitch: 0
    yaw: 4.0418222517837887e-07
  wrist_3:
    x: 3.6454375743734541e-05
    y: 0.099465630232860827
    z: 6.2155544359515191e-05
    roll: 1.5714212214054626
    pitch: 3.1415926535897931
    yaw: 3.1415925640021345
  hash: calib_3056101718946440151